image_width: 1920
image_height: 1080
camera_name: macbook_pro_14_2025_center_stage
distortion_model: plumb_bob
camera_matrix:
  rows: 3
  cols: 3
  data:
  - 2236.6990940785167
  - 0.0
  - 989.9782243556235
  - 0.0
  - 2378.17472170537
  - 568.3408769482405
  - 0.0
  - 0.0
  - 1.0
distortion_coefficients:
  rows: 1
  cols: 5
  data:
  - 1.749205286914066
  - -24.50117288997724
  - -0.03351506321703973
  - -0.10786678290448087
  - 212.1609935197354
rectification_matrix:
  rows: 3
  cols: 3
  data:
  - 1.0
  - 0.0
  - 0.0
  - 0.0
  - 1.0
  - 0.0
  - 0.0
  - 0.0
  - 1.0
projection_matrix:
  rows: 3
  cols: 4
  data:
  - 2236.6990940785167
  - 0.0
  - 989.9782243556235
  - 0.0
  - 0.0
  - 2378.17472170537
  - 568.3408769482405
  - 0.0
  - 0.0
  - 0.0
  - 1.0
  - 0.0
